437,5
437,4
437,3
437,2
437,1
437,0
436,4
436,3
436,2
436,1
436,0
435,3
435,2
435,1
435,0
434,5
434,4
434,3
434,2
434,1
434,0
433,4
433,3
433,2
433,1
433,0
432,3
432,2
432,1
432,0
431,5
431,4
431,3
431,2
431,1
431,0
430,4
430,3
430,2
430,1
430,0
429,3
429,2
429,1
429,0
428,5
428,4
428,3
428,2
428,1
428,0
427,4
427,3
427,2
427,1
427,0
426,3
426,2
426,1
426,0
425,3
425,2
425,1
425,0
424,3
424,2
424,1
424,0
423,5
423,4
423,3
423,2
423,1
423,0
412,5
422,3
422,2
422,1
422,0
421,3
421,2
421,1
421,0
420,3
420,2
420,1
420,0
419,3
419,2
419,1
419,0
418,3
418,2
418,1
418,0
417,4
417,3
417,2
417,1
417,0
416,3
416,2
416,1
416,0
415,3
415,2
415,1
415,0
414,4
414,3
414,2
414,1
414,0
413,4
413,3
413,2
413,1
413,0
412,4
412,3
412,2
412,1
412,0
411,3
411,2
411,1
411,0
410,5
410,4
410,3
410,2
410,1
410,0
409,4
409,3
409,2
409,1
409,0
408,3
408,2
408,1
408,0
407,5
407,4
407,3
407,2
407,1
407,0
406,4
406,3
406,2
406,1
406,0
405,3
405,2
405,1
405,0
404,5
404,4
404,3
404,2
404,1
404,0
403,4
403,3
403,2
403,1
403,0
402,3
402,2
402,1
402,0
401,5
401,4
401,3
401,2
401,1
401,0
400,4
400,3
400,2
400,1
400,0
399,3
399,2
399,1
399,0
398,3
398,2
398,1
398,0
397,3
397,2
397,1
397,0
396,5
396,4
396,3
396,2
396,1
396,0
385,5
395,3
395,2
395,1
395,0
394,3
394,2
394,1
394,0
393,3
393,2
393,1
393,0
392,3
392,2
392,1
392,0
391,3
391,2
391,1
391,0
390,4
390,3
390,2
390,1
390,0
389,3
389,2
389,1
389,0
388,3
388,2
388,1
388,0
387,4
387,3
387,2
387,1
387,0
386,4
386,3
386,2
386,1
386,0
385,4
385,3
385,2
385,1
385,0
384,3
384,2
384,1
384,0
383,5
383,4
383,3
383,2
383,1
383,0
382,5
382,4
382,3
382,2
382,1
382,0
381,4
381,3
381,2
381,1
381,0
380,3
380,2
380,1
380,0
379,5
379,4
379,3
379,2
379,1
379,0
378,4
378,3
378,2
378,1
378,0
377,3
377,2
377,1
377,0
376,3
376,2
376,1
376,0
375,3
375,2
375,1
375,0
374,5
374,4
374,3
374,2
374,1
374,0
361,5
373,5
373,4
373,3
373,2
373,1
373,0
372,4
372,3
372,2
372,1
372,0
371,3
371,2
371,1
371,0
370,3
370,2
370,1
370,0
369,3
369,2
369,1
369,0
368,3
368,2
368,1
368,0
367,3
367,2
367,1
367,0
366,4
366,3
366,2
366,1
366,0
365,3
365,2
365,1
365,0
364,3
364,2
364,1
364,0
363,4
363,3
363,2
363,1
363,0
362,4
362,3
362,2
362,1
362,0
361,4
361,3
361,2
361,1
361,0
360,3
360,2
360,1
360,0
359,5
359,4
359,2
356,5
356,4
356,2
353,3
353,2
353,1
353,0
352,3
352,2
352,1
352,0
351,5
351,4
351,2
350,5
350,4
350,2
347,2
346,2
345,3
345,2
345,1
345,0
351,1
351,3
351,0
359,1
359,3
359,0
356,1
344,3
356,3
344,2
344,1
356,0
344,0
343,4
343,2
341,2
340,4
340,3
340,2
340,1
343,1
340,0
343,3
339,4
343,0
339,3
339,2
341,1
339,1
341,3
339,0
341,0
337,3
347,1
347,3
347,0
350,1
350,3
337,2
337,1
350,0
337,0
346,1
4,3
346,3
4,1
346,0
4,0
2,1
2,3
1,3
1,1
2,0
1,0
0,436
0,429
0,421
0,419
0,418
0,417
0,408
0,378
0,350
0,339
0,322
0,316
0,301
0,243
0,9
0,310
0,305
0,308
0,304
0,303
0,302
0,307
0,12
0,10
0,8
0,0
0,412
0,300
0,341
0,299
0,410
0,298
0,409
0,297
0,434
0,296
0,435
0,295
0,407
0,294
0,406
0,293
0,392
0,292
0,404
0,291
0,433
0,290
0,403
0,289
0,402
0,288
0,401
0,287
0,400
0,286
0,432
0,285
0,437
0,284
0,399
0,283
0,398
0,282
0,397
0,281
0,431
0,280
0,396
0,279
0,389
0,278
0,394
0,277
0,384
0,276
0,391
0,275
0,393
0,274
0,337
0,273
0,388
0,272
0,390
0,271
0,386
0,270
0,385
0,269
0,387
0,268
0,324
0,267
0,382
0,266
0,415
0,265
0,314
0,264
0,430
0,263
0,380
0,262
0,379
0,261
0,319
0,260
0,377
0,259
0,318
0,258
0,428
0,257
0,376
0,256
0,375
0,255
0,374
0,254
0,373
0,253
0,372
0,252
0,371
0,251
0,427
0,250
0,370
0,249
0,369
0,248
0,368
0,247
0,367
0,246
0,426
0,245
0,425
0,244
0,366
0,242
0,365
0,241
0,335
0,240
0,363
0,239
0,424
0,238
0,362
0,237
0,361
0,236
0,360
0,235
0,359
0,234
0,423
0,233
0,232
0,312
0,231
0,336
0,230
0,356
0,229
0,422
0,228
0,352
0,227
0,354
0,226
0,353
0,225
0,358
0,224
0,317
0,223
0,321
0,222
0,348
0,221
0,347
0,220
0,349
0,219
0,345
0,218
0,383
0,217
0,346
0,216
0,323
0,215
0,381
0,214
0,364
0,213
0,355
0,212
0,357
0,211
0,413
0,210
0,320
0,209
0,344
0,208
0,329
0,207
0,441
0,206
0,328
0,205
0,444
0,204
0,334
0,203
0,440
0,202
0,447
0,201
0,446
0,200
0,333
0,199
0,315
0,198
0,443
0,197
0,420
0,196
0,445
0,195
0,327
0,194
0,326
0,193
0,325
0,192
0,438
0,63
0,351
0,62
0,342
0,61
0,416
0,60
0,332
0,59
0,442
0,58
0,439
0,57
0,340
0,56
0,331
0,55
0,414
0,54
0,411
0,53
0,405
0,52
0,330
0,51
0,343
0,50
0,313
0,49
0,338
0,48
0,311
0,47
0,309
0,46
0,306
0,45
0,395
0,6
0,5
0,1
0,11
0,4
0,2
0,3
0,7
